 33181    7089700     65.250      61.375      62.375    
 43081   16119900     63.375      58.625      58.625    
 52981   11667900     59.375      55.125      58.750    
 63081   11221100     60.750      57.125      57.875    
 73181    8317200     57.875      54.625      56.125    
 83181    8326700     58.875      55          55.125    
 93081   10031200     56.750      52.250      54.125    
103081   13097400     56.250      48.375      51.500    
113081   11191400     54.500      49.875      54.500    
123181   13186200     57.625      53          56.875    
 12982   18599700     64.750      55.625      63.625    
 22682   12859800     64          59.750      61.875    
 33182   16942700     62.750      57.125      59.750    
 43082   15503100     66.125      59.875      64.250    
 53182   10574900     65.250      61.250      61.500    
 63082   14949000     62.125      57.500      60.625    
 73082   18697100     68.625      59.375      65.625    
 83182   21583700     71          62.125      70.500    
 93082   22100900     77.625      69.375      73.375    
102982   24625000     84.750      73.250      79.875    
113082   18265200     86.500      79.500      86.500
123182   21787300     98          86.125      96.250    
 13183   20807600    100.750      92.250      98.875    
 22883   17055400    101.500      93.875      99        
 33183   17694400    104.875      98.625     101.750    
 42983   18187700    118         101.125     117        
 53183   13914200    118.250     109.750     111.250    
 63083   16255200    124.500     110.250     120.250    
 72983   16371100    127         118.625     120.375    
 83183   17229200    123.750     115.250     119.500    
 93083   18962600    129.500     118.125     126.875    
103183   24922000    134.250     124.500     126.750    
113083   22293000    128.250     117.375     117.375    
123083   19123900    124.875     117.125     122        
 13184   28792400    125         112.625     114.125    
 22984   27955800    114.625     106.500     110.250    
 33084   22739500    115.750     106.625     114        
 43084   20426900    114.625     107.500     113.750    
 53184   22250600    117.250     105.625     107.750    
 62984   29130700    109.250      99         105.750    
 73184   18027000    110.875     104         110.750    
 83184   30834900    126.750     110.875     123.750
 92884   19798900    128.500     120.875     124.250    
103184   23354900    127.750     118.750     124.625    
113084   21878400    127.750     119.500     121.750    
123184   22216100    124.500     116         123.125    
 13185   32663600    137.625     119         136.375    
 22885   22979700    138.250     130.750     134        
 32985   25682800    136.750     124.125     127        
 43085   19606300    130.375     123.875     126.500    
 53185   24937900    133.250     124.625     128.625    
 62885   29774000    130.625     117.375     123.750    
 73185   27787500    132.500     120         131.375    
 83085   17032100    132.750     125.500     126.625    
 93085   23115700    130.500     122.250     123.875    
103185   26470400    131.375     122.875     129.875    
112985   27274800    140.750     129.625     139.750    
123185   28617300    158.750     137.625     155.500    
 13186   31895000    156.500     143         151.500    
 22886   31627000    161         150         150.875    
 33186   40374000    153.500     144.500     151.500    
 43086   35911000    161.875     147.375     156.250    
 53086   33272400    157.500     142.250     152.375
 63086   23628000    153.500     144.125     146.500    
 73186   37666300    150.125     129.875     132.500    
 82986   28638700    142         129.250     138.750    
 93086   40633000    145.500     133.125     134.500    
103186   42734000    135.500     119.750     123.625    
112886   27632900    127.875     119.250     127.125    
123186   33606000    130.125     120         120        
 13087   50286000    130.875     115.750     128.750    
 22787   36379000    144.250     128         139.500    
 33187   39369000    156.625     137.625     150.125    
 43087   56380000    161.500     142.625     160.125    
 52987   37760000    167.625     155         160        
 63087   34717000    168.625     156         162.500    
 73187   32559300    169.875     159.125     161        
 83187   47346000    175.875     158.500     168.375    
 93087   49295000    169.375     148.500     150.750    
103087   65670000    157.250     102         122.500    
113087   34762500    124.875     110         110.750    
123187   36226000    120.375     105         115.500    
 12988   40347000    124         108.625     112.375    
 22988   34988000    117.875     106.875     117.500
 33188   34850000    118.625     104.250     107.625    
 42988   32158600    116.500     105.625     113.375    
 53188   21038500    115.125     107.500     112.500    
 63088   39251000    128.375     111.750     127.375    
 72988   29523000    129.500     120         125.750    
 83188   29219000    126.875     110.375     111.500    
 93088   26832700    116.500     109.500     115.375    
103188   29069700    124.875     112.750     122.625    
113088   25903600    124.375     114.125     118.500    
123088   22846000    124.125     117.625     121.875    
 13189   32684600    130.875     120.625     130.625    
 22889   28699300    130.875     120.625     121.500    
 33189   41393000    122.375     107.625     109.125    
 42889   27882400    115.750     106.250     114        
 53189   34263300    113.750     107.500     109.625    
 63089   36231000    115.125     107.500     111.875    
 73189   26539100    116.750     110.625     115        
 83189   37119200    119.375     112.500     117.125    
 92989   32082900    118.750     107.750     109.250    
103189   42495000    109.750      97.750     100.250    
113089   30577600    100.750      96          97.625
122989   32380700    101.875      93.375      94.125    
 13190   39115000    101.625      94.500      98.625    
 22890   33462000    105.500      97.500     103.875    
 33090   32080000    109.375     103.375     106.125    
 43090   27478200    111.250     105         109        
 53190   37314000    122.125     107.875     120        
 62990   29497800    122.250     116.250     117.500    
 73190   30042500    123.125     110.500     111.500    
 83190   41390400    112.375      96.500     101.875    
 92890   29455900    109.250     100.750     106.375    
103190   40300000    110.375      96.250     105.500    
113090   35231000    115.125     104.875     113.625    
123190   27631600    116         110.625     113        
 13191   43732200    127.125     105.500     126.750    
 22891   40141000    139.750     125.625     128.750    
 32991   44571000    135         111         113.875    
 43091   41015500    114.750     102.125     103        
 53191   36112400    106.500     100.500     106.125    
 62891   37333000    107.375      96.625      97.125    
 73191   28906800    103          95.625     101.250    
 83091   31760100    101.750      92          96.875
 93091   29294200    106.375      97.625     103.625    
103191   30480300    104.750      96.750      98.250    
112991   29125000    101.375      92.375      92.500    
123191   46599000     92.375      83.500      89        
 13192   37155700     98.125      88.750      90        
 22892   27382100     93.250      86.625      86.875    
 33192   33517100     90.250      83.125      83.500    
 43092   38538000     90.750      81.625      90.750    
 52992   28254400     94.375      90.125      90.750    
 63092   36589200     98.625      88.250      97.875    
 73192   35897600    100.375      92.375      94.750    
 83192   30319600     95.250      85          86.625    
 93092   33570700     88.750      80          80.750    
103092   64664000     81.125      65          66.875    
113092   48928000     69.875      60.875      68.250    
123192   87287000     68.875      48.750      50.375    
 12993   77798000     53.250      45.875      51.500    
 22693   48935000     54.875      48.750      54.375    
 33193   52301000     57.125      49.875      50.875    
 43093   41227000     53.125      47.375      48.625    
 53193   37819900     54          47.125      52.750    
 63093   36482300     54.375      48.500      49.375    
 73093   51549000     49.750      41.125      44.500    
 83193   35179600     45.875      40.625      45.750    
 93093   35929000     46.375      41.250      42        
  Date   Volumne      High        Low         Close
n=151, Monthly IBM Stock Prices, Closing Prices.
